  694852311 3880403627 1224570591 1713223527
  512557711   80624655 3166026980 3622068083
 2563595085 1374969239  255669977 1975986033
   14846333  953653496  579659869 3393648793
  544481287 2193875720  683652810 2420167493
  207610788 4109761116 3767178567 3235932331
 3176383060   91137044 2365759199 3646439727
 4096532329 1287560111 4197258205 3546302703
  635460277  267920794 3161232327 3943545580
 1747931599 2748395639 4222558303 3417943967
 4289223415 3396102533 1235443184 3589766507
 2132229694 3841261466  677133791 3055831731
 3413767211 1958922402 1008738000 1745119597
 3397009349    9514304 3910698034 2676114676
 3845143388 1622907433 1360909803 1559822146
 3509505849  319887319 1260571602  112798056
 2795603516 1576491576 2942597512 1565735432
 2475225665 2354098980 3074833480 3222606423
  338962950 4053513082 3288059085  622734015
 2039261181  292152405  637943797 2002004824
  461564223  352857436 1102264749 2635767705
 1414839667 1639151637 3566061152  705895635
 2863542581  139858259 3943070547 1347785871
 4030484970 2741441006 2184842731 3748439989
 1187195472 3268875433 1505220117 1040033989
 3021717576  710422197 1280648147  672515407
 2672004108 1893528968  367989671 3970950919
  211110742 4101823918 2754193599 1283264052
 1654899030 4037773254  593443761 1281603334
  988736503 3441886243  132166160 2602127720
 2740717069 3114306387 3783517861 2799662789
 3952014690 4173771108  755411975 1070931316
 2312357557  812064061 4198605301 1198202486
 1426510883 1155212884 2020426954 1707508482
  175786397 2828685810  235305351 2660739962
  739629258 4062980787 2449108221  133496329
 2430438723  776666242 3018216194  457135408
 2549273805 3808380473 2460991463 1830789736
   68667939 3568552602 2597966839   14666244
  357315416 4116683217  457711241 3132429953
 4259249146 1865129690 2621738770 2168729156
  996016199  848012756  908356779 1484275408
 2793673876 2491231356 1598844620 4164865531
 2548452809 1708567426  133737546 3780402893
 2993240197  799841640 2513889105  597469770
 3424145504  607891317  902580785 2345356542
 2931965332 3754182793 1558728130 3559468196
 2091148690 2274350224 3129417545  752005748
 1249335403 3915112225  488969449 3458638404
 3003505341  712447524 4043083375 3261436034
   46014212 4101364804 1071574980 3217011948
 3153545530 2585333064 1705628563 2918811880
  138223975 2240944220  696553459 4132226380
 1213390450 1578497236 2991242833 1972404348
 3928757376  940482242  217065745 1400386500
 4069021696 3111657247 1050664368  695055894
 4259079637  135687035 4044989627 3027656742
 1270725161 3165901795 1346014058 3830012416
 2463876210  717374009 2773592200 4119409054
 3523144399 3118917249  607661753 3365399814
 1164478047 1415115604 3939965313  273292386
  617720184 1816565662 3668903075 3088151883
 1667015866  567019260 1457491677 2015401313
  421589254 3637989571 4170696030 2183423403
 2064674342 2324922895 3589311802 3318169170
 2224068253 1469537346 2817288265  219913624
 2709684816 4137048530 4008887803 4212337709
  326325302 3831806561 2933004910 3872838861
 3446496683 3415305141 1593082404 2080907764
 3996345788 2596774037 2707936415 4272332649
  625768059 3231010672  984465775 3591558797
 3302192636 2896831834  267305949 3793988841
 2650364315  944001084 2145653287 2024764869
 1278847606 1867695944 2139036303 2775761030
 4142601178 1170789143 3391590031  249784963
 1455201776 1351310980 2804424459 1351097441
 3038127073 4070467623 1943500279  998588135
 2824691387  624478466 1239422347  916516225
 1617581818 3674506027 3911985339 1943783273
 3556988171  917102450 2029472775 2302874310
 2679541292  851262935  366224439 2512172694
 1228597393 2374252594 3197021205 3477822203
  118558522 2933557592 2930401942 1007288486
  667364619 2322013903 3433233900 2271181428
  979266809  486870753 1910081750  105591928
 2263015863 1715445443 2624421629 3350267334
 3624135985 1093528400 3703548246  326202791
 3529543994 1654632557 2692573839 1970590259
 3389665482 2583202137  188468308 2641862557
  267542159 2764636277 2384187173 2198355791
 1334765067 3771305445 1882594948 3292851323
 1230898636 2067924804 3169289081 1848350229
 1485722349 1827109399 2704218862 2374612840
  440875816 3959144273  163477272 3606062043
 2160496955 4194766893 3070965383   84943144
 4145562279 4181963127  652132775 1843420926
 3810887916 3973763265 2868223386  762381943
 2422322891 2104212029 2673160469 3098119783
 3602991671 3566580884 2031150507 3670893029
 3343367177 2520713921 2315836773   15264409
 3481510805 3381462424  107801442 2363945066
 3239566675 4016917539 1049028257 2593234464
   57277738 3765897611 1464417597  883435070
 1079768967  357825307 3624062975  474891932
 2009376074 1079198868 2492202774 1156714203
  276474180 1446660368   33334549 2346743272
 1697481987 3556193150  808413495  693872631
  483380012 1023265866  933339279 4148088750
 4033547168 2811672964 1591092828 2072084446
 1150258038  688418150 2320934617 1095143146
 3841129571 3116287042  981838050 1774366094
  468635436 1996119780 1235927545 3947609874
 1484465839 3062614264 2555164853 3530920560
  622729029  653937194  727403563 1340130536
   67405678  128579978 1848254446 1365911171
 2993657697 1348511946  301403375 4226456026
 4191905855 1344580589 3144855001 3486643804
  449112834 2047321170  235388187 3742197878
 2197556017 2508409838 2479549372 3169361855
 1036478698 1455314288 1359126432  327261689
 4273649002 3100001940 2044929516 3759407525
 1793889413 3485915528 1758460867 3929086967
  267961788  691024645  189297648 3238725456
 3477578680  880597234 3771617337 3964333902
 1025698288 2491591817  642408272 1952834992
 1133029168 4112024820 3477405317 3496746858
 1050440637 3834551863 2005760325 2112548368
  424498316 1211119512 1741248172 1550993276
 4258200521 1253948809 2643782957 3071153876
  403927330 3480950365 2882520700  492246237
 2978101590 2884797606 2540246578  706384718
 4068761710 3639009378  605740163 3857948987
 2882217191 3338204983 4158125728 2383672384
 1145291600 2614081851 3489133142 2174955838
 1985177022 3017193131 1390345397  847151453
   31379035 2502261152  435596895  433901674
 1519003459  571981259 3014556295   60429920
 3244084241  268960714 1686625424 4200337385
 3635052723 3758596516  725892134 3731703662
 1720713920 2759038158  894064631 2557444010
 2403042049 2900800173  885025243  720973619
 1718279105  944113726 3927905143 1242393376
 2365886453 1934957754  939420666 1382033687
 4019047091 1871422226 3960494775 1499086401
 1852202371 1778976628  423453907 3545662291
 2761160591  838648229 1015594636 3686731704
 1150961589  268917986  932348299 2506740662
 2236904508   26900099 1019347362 3965699447
  463060042 3411240685 4205611168 3286300776
  706062479 3754303581 2411481170 3600369078
 2886284988 2810327434 2811084120 1432717693
 3339323943 4206420797 1388325945 1888700030
 1105165710  472892278 1096257934  665305686
 1289831324 1152085595 2076954761 2055273916
 2461036196 1430492271 4004196802 2502646957
 1496283518 3003561459 1762294937  255835341
 2834601747  675803777 1261781686 2482835183
  123120326  232371985 1427991990 1481404549
 2734747821 1644182776 3037439705 2204920040
 3245725482 1741468525  363967822 1666048301
 2580497177 3827756254  105026181 2318327213
 3210906666  948110847  912727395 3756678773
 1823729696 3989451344  608694725 1867574451
 2216060259  957703484 4170507748 2634256730
  256762136 3375475086  298275691  536893274
 3285098005 2872335836 1009177908 3618947073
 3592694712 2293357823 1101892078 1834603801
 3784666015 3420122525 1258133996 3257558036
 1390416454 3671364986  330426942 3278523655
 1327194027 3826929597 2653674090 1866887659
 1220953266 2552269971 1269957838 3379587924
 2838275355 3335818701 1427094039 1393286892
  566471900 1398892020  461267444 2233186294
 1214195897 3911457303  461305912 2131278744
  396053861 1837121803 4230200276 2829884530
  991302323 3182521250 3356810898   49774732
 2352820893 3196074060 2295214688 2608958092
 3775600544 1393075761 2803734178 4172187306
 1076296228 1781062221  400533317 2994313918
 2230787499 3704330995 2657721144 3688172087
  283059605 4105146947 4032402126 2960033759
 2706260135 4221132901  692588813 1864376193
 2425846926  541615154 1617270372 2498056131
 1639366359 3491194384 3803041641 1923182059
  818051972  667404357 3509017733 1089993262
 2125657474  681974787  453405946 2387019517
 3708115520 2136008332 2420354757 1411479942
 4115950363 1639741578 3014948500  245779627
 2338237300  509522170 2529361165 1176157370
 2423666985 2616239179  853137821   55576166
 3828732776 1144196698  914327142 1029440987
 2583434381 3901008825  459840528  190405701
 4085975286 2054386506 2364715629 2726133487
  426958691 2839878295 3742531218 2284314656
  938064519  855564270 1965136873 2410124711
 3082389146  102648987  259643411 1970235380
   16404365 1270760005 2887093665 1648297163
 2380318382 3518796600   38779145 3772807150
  310606013  509986726  501527304 1498203623
  341000597 3803655197 2240631469 2367100001
 2833727633 1169012743 3619819749  668976576
 3224543337   81516649 2257519700  518092990
  358452327 1779274852 2316127697 3038450684
 3056069051 1249417495 3285659025 2249950775
 3091499390 2471811359  261495344 2419118696
 4185102856 1456407220  757446556 2588299252
 3766803150 2040004458 1453280491 3234234109
 2751667229 2022355404 2959573522 1569360740
 3346325913 3397480644 1491495386 2370037073
 2745987186 1318083959 3345449904 3521533253
 2546431666 2021243962 1166929283 2670329840
  822188972 1963377946 2420454988 3212045251
 4261919358  317289506  476672855 1984277911
 1417830418  484025437  112810726 2963448326
 2015498781  329781743  727458551 4029218276
  962587170 1887484983  771843384 3247266007
 4216377053  728352998 2744855871  209278243
 3673649405 2298259941 3525684505 1053300481
 1377497327 4243288846 2754304215 3237336982
  119316239 1291292166 1622353165 3339780242
  308398691 2217996471 2963311751 4196472680
 1404185114 1558536542 4159004178  777646283
 3328746384 2123093031 1132694180 1189908089
  880490154 1622345755  377984296 3121336801
 1227706133  489142136  929571593  820828632
 1953830297 2245101415  705535169 1886244399
   44448215 1050906918 2357198003 3235959694
 2998097232 1965076939 3490206095 3466838455
  711157662 2697829128 2262088780 3739386506
 1163669305  374487174 2316192409 4194733750
 2385791068  534192994 3387614844  338688232
 3329406151 3688001341 3585171358 3079889067
 3031811244 1712031323 1027582194 4059265641
 4014809650 2069286296 1877729246 1150035727
 2271924904 3694291046  586637418 2475485939
  644110686  524462028 1323004357  193912358
 3270650836 2259935592 2650028185  611659871
 1440153895 2378041769 2685536741 1030067922
 3876129147 1226560758 2836308140  977816152
 1960256063 1041325161 3894535036 2807826899
 1352882528 3571338828 1260054526 3185128149
  804242179 3311893036 3580895426  328275803
 1437663293 2091411277 4042520986 3700959117
 3743771068 1852583467 2714340290 1564112678
 1704193456  354008511 3517251927   57717294
 3810355829 4061706994 3449587341 4112131487
 1428010818 1458824776 3313574092  371871882
 3120864889 3853472755 1088707275 1963633336
 4177140132 2261771509 1145735474 1614703910
 1855917523   70104846 3801027931 2437290983
 2148260540 3245897802 2469319661 3098663705
 3206877259 2554069953 1468410891  998770412
 3057797944 2082100811  285590468 4049182011
 1174539470 1476960035 3365156788 2295118984
 1497452932 3109049072 1109791136  185384662
 3684519949 1426143617 1216930180 1911254574
 2604685494 3495631849 2441680576 1249929497
 1109708146  615246095 1784101187  105091989
   55465720 2231574071  265596987  574808615
   83433844  188166544  872666321 2137734021
 2527672601 3561352681 1456715584 2575355749
 1533067896 3747307743 2002008578 2513510082
 2439850307 3617549201 3093863956 3458444846
 1908247074  172730371 3948240771 1527765983
 2274216682 3222766692 2141427097 2929319961
   35550986 3025283062 4249448380 2597643564
 2095791952 3336473147 2621740671 1015659513
 2465221023 4211819906 4125397923 4207149903
 4270646710 1416638054 3351105321 2285105826
 2021126314  292836142 2442054551 2696549009
 3945970067 2002391982 3150935398 2443887661
   57199925  385529325     769161 2809506310
 2214771978 3807834193  104863582  919097034
  968980932 3173650069 2174303547 3816593398
 2551960712  141007175 3391492173   20874228
 2823108372 2843691595 4162728561 3933771279
  989256208  300965482  191907763 1469716012
 1759571281 1777438865  877192439 1848841015
 1230735598   63404108 3248144166 2622425350
 2726339976 3723696904  591709752 2341747083
  572049056 1902586850  327554298 3817278700
 4273043592 2504714675 1094019694 3247950203
 3298302713 4106488623 2208082288 1058169273
 3850212380 1878138344 1469434852 2681423188
  996177737 3594626596 1419638745 2410839759
 4213483529 3154626069  866331585  939058246
 3509627875 3284411755 3535633567 1999623270
 3683620857  513777103 3634675214 3957931231
 4031954794 4211821174 3480346834 1163895307
 2743935834 1573488464 1156165329 1905993258
 3431584484 2382643732 3166696990 3752825972
  987086735 1263136978 3349547398  808960875
 3446492547 3057336327 4028430955   57375251
 3841529106 2008647213  722045412 4153298723
  853453526  203767819 2713613288   40862854
 1836463822 4201317734 4169766974  219995947
 1638516068 1696244414 2773039080 3319899075
 1450330730 3074940538 3643275510 2981222732
 3988695278  797942718 1989553567 3641563078
  659382646 3599335864  581672039 1202083170
 3996049757 3792804542  495691700 1722931610
 4129644785 2884075665 4247234801  850766984
 2807744769 3072431374 2933272220 2511071107
 4287923424 3818791936 1309857664  295062942
 4270416248 2229948815 3427745492  178947251
  757834920 1304734156  507120516 1950691311
 3707852299 1869128742 1024779544 2143105474
  103880186 2481939777 4069841527 1390912068
 1157396456 4201538898 3339987744  469431413
 1586338020 1507591488 1960694718 2737364832
 3532125999 4219238267 1379826734 2888108814
 3115584007 2345232807 2384475906  512325109
  400702944 2116683481  764501691 2294249518
 1006755724 3539449228 3139494786 1973480153
  994247326 2030829625 3455850767  252177629
 3923261016 1598640098   63476581 3160837605
 1613775607 2302211724 1740899441 2743681383
  925139152 2677183758 4023877774 1712748063
  766543948 3116834616 2539880349 3480489802
  646831184 2177615527 1849431355 2271782248
  368043984 3309293228 1052466461 4121033733
 2096147696  682611317  429265717 2213869320
 3656711075 3017288320 2138947982 2077967078
 1998486671  672292784  400969613 2660716251
 1733474671 3271368156 3573079498  855666032
 1072661374  155475872 1469893319 1113579884
  821237668 3041481095 3344221148 4078055000
  113044237 4158270047 4252391127 1837794915
 3142774312 2624576995 2709294226  505251764
  745101311 2060326447  619544223 2000812634
 3169035504  509232758 2921670516 1587242539
 2768082368 2517131275 3922355304 3170998277
 2692114806 1219693462 2677462983  534721391
 4112339196 4188197663 2200867307   89564999
 3004743566 2135297964 2403407372 2255010951
 3098293157 2354942835 2660994944 2279314451
 2047711900 1191180151  946035047 2758891669
 2899964249  234911150 2450871860 1717421252
 2097568509 1018862139 1250646157 2103045618
 3896494249 4054127193 2422227238  500141911
 2560722246 1359557082 2959112717  688520201
 2507307508  792776756  464874362 3515154359
 3875989178 4172515216 2761513971 2369967676
 3791628739 1527035922  752935788 1319113192
 1788303291 2556181839  974948843 2373597059
 3322514685  925677642 2690296743 1105231897
  889935124  704912193  635427037 1709588675
  765819607 2122151802 3435296566 1544096763
  471470762 2953046628 3746504743 1802357171
 1346351220 2619162143  964449740 3535705822
 2766050211 3389548994 2706472258 1397809096
   52939502 2512238890 3035216099    7127939
 2286678551 3377025546 4100300590 1024819028
 3881926070 2154870097 2625993503 2812292545
  892586056  871640836 4062114866 2153804165
 2582240133 2984682902 2502042721 2919153084
 2054237886 1053682269 1784518612 3213156249
 2561263365 2984130646 2633935230 2915202616
 2453976760 1214207305 3777860443 3330666894
  685402944  241763220  910174343 3152130415
 1867683896 1066841259 3348661467 3210763707
 2680633271 1217744594 1819608504  569925486
 1894447665  753095742  144713269 1071644486
 4148270949 3242212360  721900645 2892304866
  797734941 1524663677 3921248709 1220100318
 1940582376  451548424  642945368 3526993071
 3387523754 3972919381 4208303731 1684984426
 1365973160 2354509921 3470480543 3327582167
  399861785  818084417  647689306 1588118673
   58497557 2880197993 3281834173 2384035040
 2340128205  101548255 3539073530 1951865766
 3526000277  937390238 3462405524 3335819493
  813222640 2268530224  688637739 2114321373
 3674187875  896248238  309044631 3168469898
  873023939 1547007572 3578377282 3290708230
 2771220045 1648930416  604849911 4077646218
  912136444 3012555608 3211804694  941654060
 4223629826  548718419 1609343839 3264694169
 3916594536 1631717565 1302033483 1487501437
 3564243619 2527479419 3648654743 1120199063
  421940933 2847567922  133264825 1580292833
 2427306030  315910819 3214545690 1634832193
  531922192 3094597049  413868024 2839366560
  385513947 3083126201 3197787745  733754472
 1361665082 4220829033 3716666811 1569851247
 2612072864 1883210019 2723212962 2440813039
  469774254  100582220 2367768527 3491402593
  846299288 2982246382 2768183223 3183812365
 1450987543  245533058 2872690857 3823964321
 2110122569 3994327307 3768074667 2591457816
 2583855402 2153431266 2892114843 1643069307
 3277764867  623929659 1739588239 1075859349
 3208769553 1658992107 2713844054 4113724028
  739692217 1539173665  700377353 3674734206
  710120951 3052857663 3924380029  939035213
 1353734127 3693464388  222290674 2285043493
 3518720993 4192062262 2686474323 1710211852
 1283741105 1479969247   11598880 3126382944
    4722921 4233366895  867985222 2361488410
 1389442398  392737709 3247922048 2533682232
 4276883121 2373385382 4128914565 2066319665
  394355638 3389020846 2746214036 2583076762
  598688508 1609561584 3047280584 2197020051
  196336106  293051392 3036584603 1729831164
 3794485568   43165943  365101677  482147638
 2472601099 3393544191  512717391  279414992
 2347678318 3460905335 2333622139 4016031265
 3033992297 3132350506 2804383142 4088069358
 1714789927 3822801769 1833636145 3299379385
  354854121 3988772183 1068871512 2908907502
 1577360611 3455693863 1374785473 1227235259
 3184158416 1800411798 2633714664 1232806379
 1672368258 1595281011  157784252 3726845053
 2901389055 4139091538 2195648902 2969178047
   22095076 3936040694 2326648524 3774179147
 2789446462 1398100009 2399408737 1281793660
 2752745177  712568826 3316781329  686889304
 4225486149 1786421521 3548904511 3168675182
 1547548088  394608940 3832801389  477015348
 3121717567 3186224905 4160290510  581386049
  925225162 4080932731 3871338264 3965377495
 3474346309 2694812517 3405362657 2127403668
 2914099768  265211413 4122089535 2627055091
 3447508051 2102573924  717177347 2701031034
 3382860021 1546975547 2123546924 2258870049
  159424922 4188257969 3477193827 2363375443
 3987553189 3723818718  243354454 1356639496
 3663743279 3524733925  186448423 2548663563
 2133848126 3916800837 1000240819 4010911954
  249061755 1778269821   34397449 3521125699
 3045717763 4264713776 1576781044 4145671476
  964659176 2260866355  148263540 1831812417
 2087990757  374134031 1425298818 3083773334
 3615877087 2342043378 3843429701  101465645
 1813992477 1674060919 2089911527 1912802592
 4189653552   15283489 4272969734  852696878
 2991230305  399069543 2061892164   71617498
 4080355269 2526434543 3468836832 2808976709
 3524333252 3727618719 2478422558 1331608932
 2644243460  352244646 2939166103 1239926844
  233608767 1402611129 4064460601 3966220353
 3653849552 4216428654 2690419635 3739184853
 3738968030 2836420142 4116553411 3596522587
 3864989193 1440095191 3010431254 3775266438
  862538463 3953435648 1594798894 2724971381
 3467551943 3863050967   94538609 1923022044
 1074300801 3941609276 4207718534  849212963
 3701606191  252183985 2626263348 3068620202
 4167780593  982321887 3912442341 2940937185
 2744943147 1235797280 4018246272 1484526154
 3621610547  578318057 1382118157 3486270406
 2891715862 3180073686 1458382108 1056653550
 1487884284  240556929 1751225305  359342874
 2598955385 3599328591 2889459899  706983030
 3325391464 1758438509 2185909557 2441682992
 2251233081  814712148  123943926  244543283
 2796592084  216942613  215178381  838757541
 1504679783 1088082686 2796484641 3204909615
 2697972492 1634754752 1546669846 3915559580
 1374466837 2020448026 3434580994  654873511
 3502393290 2134070109  395724677  545783339
 2462981138 1123224363 4281458747 1778082254
 1707943423 2771042031 1193144232 2529423470
 3631619933 1279922855  976395493  193669574
 2173634985 2472224611 4053695133 2147644080
 3588255131 1596279284  865546275 3683793873
 2652043158 1579038331 1214116400  181190950
 3153489991  644731852 3663008610 1776409489
 2638437755 1122321129   91373884 3530635989
  165130187 3372977401 4008405856  645699702
  450629500  951865916 2019483147  958933587
 3856500983 2834010955  413409385 1787992072
 2143339726  928003138 1602945151 2792386198
 4017874093  913428694 1929100695 2832523769
 1451838862 3608567251 4103069128 2990703553
 2977365226 3660374673 1411490094 1412085676
 1272698719 2441845436 1400828788 2137964256
 4272809659  132094392 1558386428 3990296359
 3594213748 1461608200 1395812819 2763608692
 1235892145 3458539704 3097162180 4271669202
 1878109246  887876308  657626768 2541563021
 1906689280 3219554795 1064976390 2590822693
  562067498 2721083376 3924751256 1798939337
 2218418178 1948252871 2245529669  554546010
 1981861352 2241606586 4092409371 3398885659
 3518289366 3588333389 1022595229  152176789
 4083842715  499669634  856419420 2567173193
 1046209109 1209989667 3869424917 2268034684
 1380258027 3563252691   35244263 1613665203
 2488186275 2561025573  445452499 2900508835
 2121410125 4114791443  438478385 1758244094
  401751824 3528690057   82769133 3284464647
    7804263 1530593585 3934563654  435383023
 1448842961 2195180788 1284858353  488690526
 2404586035  119685783 2433711335 2388828304
 3914777686 2822637282 1976629008  695807099
  735307966 3595742158 3433712497 1675214705
 1047956918  247789904  894269182  205130871
 1780677833 2532862604 1413668658 1736020979
  777623281  659039245 3499532235 2306490960
