 1594738808 1658015173 1091019048 1595031652
 3973581357 2542574873  658025452 3143058311
 3372978650 1495371433 3686726507 1603530794
 1296022288   35096225 2582093471  362987887
  711714014  924415791   53232728 2752338038
 1857457748  601139601 1824106856  919569171
  409865448 2373667029   68392555 2388393438
 2200043495 1772684247 1706099448 3079843702
  373562340 3715114295 3369254759 2156474833
 1883827663 3374129618  798138516 3025113210
  515521167 3705830629 1987022063  757897791
 2914504980 3211235304 1123449810 1987151657
  581834952 1615906293 3722417755 3197220617
 1466325630  286926378 1680098512 3092372877
 2899072564  667011182 2343603069 3667407487
 3094063409 1623838633 1603253323 4206509427
  122562583  110885595  418032292  622692630
  627210809 3386678784 1734018298 1484253973
  941195201 1834185587  392989990 2678605752
 1608291167  795039793  411666342 1125166738
 3001101526  725771747 1331758626 2115481662
  162076168 4001729975  333387883  420721942
 1084586247 3593341414 4144001208 3896018826
 2687599011 1031350200 2202904104 1702467623
 3763058093  454833764 1559897279 3740994374
 3759345003  494241333 3306862598 2895201988
 2758119635  504826316 2666014658   32852444
   57825683 3970722604 2409565830 1279377906
  629963183 1941989011 1088716351 4238475913
 3991047555 4109051947 4166608691  425631646
  306806068 3212280292 3366375454  748299311
  544771399 3704622869 3820888319 2472045058
 4018473624  837827302 1086927151  122097593
  436147914 4110711643 2682989488 2025812179
 3945317400 2623241258  780710020  665998366
 4237161008 4236342018  830532904 2640531451
 3512268615 1147530071 3981193441   38998119
  319879175  771840624 2956909978  958018321
 2630164894 2964501547 2793252201 1482197027
 4086117843 1021902307 3310827333 3653037328
 2578763583 1909521719  854047343 3767036798
   41163484 2192053276 2694853421 1226554071
 4066263929 3232857348 1752518641 2734081271
 2433481851  290983611 3619885889 3679275421
 3879269318 2247919703 1381571719 2966395228
  617729713 2328351046 1983145006 1487803841
 2452139300 2960356911 2208830109  927381241
 2673930594  406644644 1003260623 2334391517
  987679425  107217841 2607208278   62010943
 4113592328  600922444 2765367777 1227739918
